2 2.3529999634774867e-05
5 1.6350000259990337e-05
10 2.401999972789781e-05
12 2.0980000044801272e-05
15 2.5940000159607735e-05
20 3.463000030023977e-05
30 6.176000006234972e-05
40 6.183999958011554e-05
45 7.862999955250416e-05
50 7.93900002463488e-05
55 8.781999931670726e-05
60 0.00010144000007130671
75 0.0005723600002966123
100 0.000332429999980377
125 0.000969979999899806
160 0.0009276100001443411
200 0.0011809900002845096
250 0.002129849999619182
350 0.006657160000031581
500 0.020959380000022065
600 0.034377670000139915
800 0.07756554000025062
1000 0.13338011000014377
2000 0.6284448099997462
5000 6.303625059999831
10000 58.21691111000037
