2 1.475000044592889e-05
5 1.4059999921300914e-05
10 1.6319999849656598e-05
12 1.648999987082789e-05
15 1.776000044628745e-05
20 2.4759999905654696e-05
30 3.3910000092873814e-05
40 4.074999997101258e-05
45 4.873000034422148e-05
50 5.031000000599306e-05
55 5.5890000294311906e-05
60 5.930000024818582e-05
75 0.0004527099999904749
100 0.00018352000042796135
125 0.0007020799999736482
160 0.00037165000048844377
200 0.0005311299997629249
250 0.0008707800001502619
350 0.0019697500001711887
500 0.007599479999771575
600 0.011248150000028545
800 0.025154240000301798
1000 0.04462714999990567
2000 0.16015079999979207
5000 1.821098439999696
10000 15.365310179999687
