2 0.006111160000000382
5 0.00012629999982891605
10 0.00015738000001874752
12 0.00012886000040452928
15 0.0001472199997806456
20 0.00015527999930782245
30 0.00018642000068211929
40 0.00017076000076485798
45 0.0001941999995324295
50 0.00018818000025930815
55 0.00019804000039584934
60 0.00019799999936367385
75 0.0002405200000794139
100 0.0002937200006272178
125 0.0005747399998654145
160 0.0008257600005890708
200 0.001059999999415595
250 0.0015209200006211176
350 0.002897399999346817
500 0.007512240000505699
600 0.012467400000605266
800 0.023633780000091066
1000 0.03661738000009791
2000 0.20670800000079909
5000 2.1018153600001823
10000 15.27140447999991
