2 0.00013066000028629787
5 8.894000056898221e-05
10 0.00010388000009697862
12 9.45200001297053e-05
15 9.157999884337186e-05
20 0.00010230000043520704
30 0.00011616000047069975
40 0.00011820000072475523
45 0.002280579999933252
50 0.0001285599995753728
55 0.00013477999964379707
60 0.0001369199984765146
75 0.00015933999893604777
100 0.0002349199989112094
125 0.0003866400002152659
160 0.0005277200005366467
200 0.0006515199995192234
250 0.0009431399994355161
350 0.0017290000017965213
500 0.005276820000290172
600 0.008837140000105137
800 0.016546100001141893
1000 0.02741810000006808
2000 0.1611159400003089
5000 1.5238540199999988
10000 9.625945759999013
