2 0.00010708000045269727
5 8.831999948597514e-05
10 8.043999841902404e-05
12 8.031999968807212e-05
15 8.231999963754788e-05
20 8.367999907932244e-05
30 9.748000011313706e-05
40 0.00010904000009759329
45 0.00013146000055712647
50 0.00011673999979393557
55 0.00011911999972653575
60 0.00012099999876227229
75 0.00014419999934034422
100 0.00018944000039482488
125 0.000366960000974359
160 0.0004650599999877159
200 0.0006042399996658787
250 0.0008909800009860192
350 0.0016377799998736008
500 0.0053209200013952795
600 0.009621839999454096
800 0.015809560000343482
1000 0.025683040000876643
2000 0.16494533999939448
5000 1.5468597200000658
10000 9.42386703999946
