2 2.423999903840013e-05
5 2.59000007645227e-05
10 5.448000083561055e-05
12 3.248000066378154e-05
15 2.6159999833907932e-05
20 4.634000069927424e-05
30 5.543999941437505e-05
40 5.0620000547496605e-05
45 6.893999961903319e-05
50 6.62200000078883e-05
55 6.634000019403174e-05
60 7.16800001100637e-05
75 0.00044621999986702574
100 0.000159680000069784
125 0.0002535599996917881
160 0.0003807600005529821
200 0.0005838000004587229
250 0.0009529000002657994
350 0.002251080000132788
500 0.0076354800003173295
600 0.01141217999975197
800 0.023101379999570782
1000 0.04266760000027716
2000 0.1842157799997949
5000 2.002306600000156
10000 16.421451439999508
