2 0.00013486000025295653
5 0.00011053999987780117
10 0.0001337200003035832
12 0.00010666000162018463
15 0.00010571999955573119
20 0.00013701999923796394
30 0.0001470399998652283
40 0.00015780000103404745
45 0.00020065999997314065
50 0.00016107999908854254
55 0.00018820000113919377
60 0.00017436000125599095
75 0.00025671999901533127
100 0.0002671199996257201
125 0.0004786199999216478
160 0.0006517000008898321
200 0.0008661600004415959
250 0.00126630000086152
350 0.002266860000236193
500 0.0066616600000998
600 0.012294139998994069
800 0.02459328000040841
1000 0.048726720000559
2000 0.2110839399996621
5000 2.2804637999994157
10000 17.651287099999898
