2 0.00010636000006343238
5 8.632000026409514e-05
10 9.417999972356483e-05
12 8.56799990287982e-05
15 8.410000154981389e-05
20 9.010000067064539e-05
30 0.00010088000053656287
40 0.00011040000026696362
45 0.00014587999976356514
50 0.00012663999950746074
55 0.00012335999999777414
60 0.00012505999984568916
75 0.00015017999976407737
100 0.0002035399986198172
125 0.00038107999935164114
160 0.00047488000127486884
200 0.0006030199998349417
250 0.0009432800012291409
350 0.0016770199996244627
500 0.005206339999858756
600 0.009317280000686878
800 0.015154460000485415
1000 0.026222280000365573
2000 0.16716158000053838
5000 1.549016219999612
10000 9.498895739999716
