2 4.178000017418526e-05
5 3.139999898849055e-05
10 0.003988319999916712
12 3.5759999445872384e-05
15 5.8900000294670465e-05
20 0.004712120000476716
30 0.0017206399999849964
40 8.892000041669235e-05
45 0.001420479999796953
50 0.00016866000078152865
55 0.00011936000009882264
60 0.00018384000068181195
75 0.0030572000003303403
100 0.0004972199989424553
125 0.0006563600014487747
160 0.0008932400000048801
200 0.0014579799986677243
250 0.002501219999976456
350 0.0067641400011780204
500 0.02184881999855861
600 0.034803099999408005
800 0.07477228000061586
1000 0.1203320199980226
2000 0.6760716000004322
5000 7.1683631199994124
10000 60.49547527999967
